
p2 =

     1    31     3

Routh table for poly: 	     1    31     3

     1     3
    31     0
     3     0

 
p3 =
 
[ 1, 25, 196, K + 480, 7*K]
 
Routh table for poly: 	[ 1, 25, 196, K + 480, 7*K]
 
[                                  1,     196, 7*K]
[                                 25, K + 480,   0]
[                       884/5 - K/25,     7*K,   0]
[ (K^2 + 435*K - 2121600)/(K - 4420),       0,   0]
[                                7*K,       0,   0]
 
 
Kmin1 =
 
4420
 

p4 =

     1     1   100

Routh table for poly: 	     1     1   100

     1   100
     1     0
   100     0


p5 =

            1       1.3111            0

Routh table for poly: 	            1       1.3111            0

row of zeros at order 0
            1            0
       1.3111            0
       1.3111            0

Routh table for poly: 	[ 1, 8, 19, 32, 10*K]
 
[             1,   19, 10*K]
[             8,   32,    0]
[            15, 10*K,    0]
[ 32 - (16*K)/3,    0,    0]
[          10*K,    0,    0]
 
 
Kmin1 =
 
6
 
 
Kmin2 =
 
0
 

p6c =

     1     8    19    32     0


r =

            0 +          0i
      -5.6363 +          0i
      -1.1818 +      2.069i
      -1.1818 -      2.069i


p7 =

     1     7    10

Routh table for poly: 	     1     7    10

     1    10
     7     0
    10     0


p8 =

    11   142   400

Routh table for poly: 	    11   142   400

    11   400
   142     0
   400     0

 
p9 =
 
[ 1, 2, K, K]
 
Routh table for poly: 	[ 1, 2, K, K]
 
[   1, K]
[   2, K]
[ K/2, 0]
[   K, 0]
 
